query_one: 2025-06-12 03:52:15: 13.078875ms
query_two: 2025-06-12 03:52:40: 10.012458ms
query_three: 2025-06-12 03:52:48: 2.745480125s
query_four: 2025-06-12 03:53:51: 1.565493083s
